alg1 - 16 processors
The resultant matrix is:
 136    146    156   
  78     96    114   
 299    316    333   
 237    270    303   
 231    258    285   
 891    957   1023   
 741    801    861   
1110   1179   1248   
 894    945    996   
1029   1113   1197   
The amount of time 0.006693

alg1 - 32 processors
The resultant matrix is:
 136    146    156   
  78     96    114   
 299    316    333   
 237    270    303   
 231    258    285   
 891    957   1023   
 741    801    861   
1110   1179   1248   
 894    945    996   
1029   1113   1197   
The amount of time 0.042100

alg1 - 48 processors
The resultant matrix is:
 136    146    156   
  78     96    114   
 299    316    333   
 237    270    303   
 231    258    285   
 891    957   1023   
 741    801    861   
1110   1179   1248   
 894    945    996   
1029   1113   1197   
The amount of time 0.029432

alg1 - 64 processors
The resultant matrix is:
 136    146    156   
  78     96    114   
 299    316    333   
 237    270    303   
 231    258    285   
 891    957   1023   
 741    801    861   
1110   1179   1248   
 894    945    996   
1029   1113   1197   
The amount of time 0.035509

The resultant matrix is:
 136    146    156   
  78     96    114   
 299    316    333   
 237    270    303   
 231    258    285   
 891    957   1023   
 741    801    861   
1110   1179   1248   
 894    945    996   
1029   1113   1197  
The amount of time 0.000334





